3 1000
542 742555258 680621552
125 117525523 737212526
74 407292091 290538903
2 1 3
0 2 587 13647058 762452354
3 0 1
1 0 1 55731120
3 2 3
1 2 3 221401776
1 0 3 241672222
1 0 2 861311397
0 2 786 93062765 928917118
2 2 3
0 1 983 721183276 991970014
2 0 3
3 0 1
3 0 3
1 2 3 258089006
2 1 3
1 0 1 785125429
1 1 2 402002254
2 0 2
2 0 3
3 0 3
2 0 2
3 0 2
1 2 3 579114964
2 0 1
0 1 122 220997574 703927850
3 0 3
2 0 1
1 0 2 834572211
2 1 3
3 1 2
3 2 3
3 1 3
0 0 76 497100877 522571559
1 1 2 168149011
1 0 2 492378362
1 0 2 803417590
1 0 3 961138295
3 0 1
1 0 3 287222035
3 0 3
2 1 3
2 0 2
3 1 3
2 0 3
1 0 3 159675517
3 2 3
3 0 2
3 0 3
2 1 3
2 1 2
0 0 572 210849057 796978801
3 0 2
1 0 2 32596801
3 2 3
0 1 507 447008374 89873578
0 1 529 25588486 410045760
1 2 3 598501406
1 1 2 320053836
2 0 1
3 2 3
1 0 1 939387769
0 0 276 178750672 430156646
0 0 621 341485568 460900944
1 1 3 655641506
1 1 2 681172880
3 1 3
3 2 3
0 0 760 49868187 686045902
2 1 3
3 2 3
0 0 929 893443299 809014159
1 0 1 410534759
0 1 842 662137453 870992572
0 2 719 232939653 319172647
3 1 2
1 0 1 826994717
0 2 97 308696225 254165991
0 1 570 526216906 528747692
0 1 310 635447636 90857864
2 1 3
3 1 3
3 0 2
2 0 2
0 2 128 892203381 162808324
0 2 57 630184137 452440016
1 1 3 30648059
2 1 3
0 2 446 653633046 991399763
3 0 2
3 0 2
0 0 70 911254289 663277273
1 0 2 383312177
1 0 2 664261858
0 2 602 888371947 492418807
1 1 3 663225880
2 1 2
2 0 3
1 0 1 847354085
3 0 1
0 0 547 921640946 995780231
0 1 281 409725269 208479319
2 0 3
3 0 2
3 2 3
1 0 2 709710218
0 1 839 704010401 129738343
0 2 322 174848386 751209306
2 0 1
0 2 708 377197759 699049263
1 0 1 626082706
1 0 3 785036044
2 0 2
3 0 2
3 0 2
3 0 3
0 2 956 514191570 937583819
0 2 170 545737361 257654171
0 1 763 503033054 350619882
3 2 3
3 1 2
1 0 3 67490846
2 2 3
0 2 430 858805818 669452905
3 0 1
2 0 2
2 0 1
1 1 3 744263853
2 0 3
2 0 2
3 0 3
3 1 3
0 1 902 502336188 629662544
2 0 1
3 2 3
2 1 2
1 0 2 341128383
0 0 759 182274793 211736206
0 1 178 253052098 460767260
3 1 2
1 0 3 319472918
3 1 3
3 1 2
2 2 3
2 1 2
0 0 599 930876159 807157142
0 0 150 825756616 391819403
3 1 3
0 0 186 853641831 284349501
2 0 2
1 1 2 131719849
3 2 3
2 2 3
1 0 1 871212345
0 1 600 885063705 367252699
2 0 3
2 1 3
0 1 506 609668273 691629038
0 2 947 93175402 678448952
3 1 2
3 0 3
3 0 1
1 0 1 565801142
1 1 3 369159293
3 0 3
3 0 2
2 1 2
3 0 3
2 1 3
0 0 696 228062900 731040032
2 0 3
2 0 2
1 0 3 188962885
1 0 2 382156975
1 0 1 441805736
3 1 2
0 2 663 79221922 964056795
1 1 2 216267143
1 0 3 730060856
2 0 1
3 0 1
0 2 342 210078566 121052576
1 2 3 340381071
0 2 440 776613770 953888911
0 0 832 193713514 313576775
3 1 2
3 1 2
3 1 2
1 0 3 655459263
2 1 2
0 2 116 837479824 29995708
2 0 2
3 0 3
0 2 648 426684945 116122252
0 2 444 581978790 396929356
0 1 703 694012415 732890843
0 1 43 254416431 987647872
3 1 2
2 0 1
0 0 81 817501078 803540315
3 0 3
0 0 610 528049276 741291678
2 1 3
0 2 411 709091539 958205370
2 0 3
0 1 153 12569064 154709761
3 0 1
3 0 3
3 0 3
3 1 3
2 1 3
1 0 3 479020122
1 0 1 184943144
0 0 827 143033193 685234980
3 2 3
0 0 387 570745947 390474489
1 1 2 703762264
3 0 3
2 1 3
2 0 1
1 1 3 256277498
3 0 3
1 0 2 605725558
2 0 3
2 0 3
3 1 3
0 1 743 387696912 162988170
2 0 1
2 0 3
2 0 3
0 1 756 81014672 967950134
3 0 3
0 2 115 570475113 648582254
1 1 3 391244368
1 1 2 774558280
0 0 565 294408683 63550860
2 0 3
2 0 1
0 0 700 591800201 268245514
3 0 3
2 1 2
1 1 3 525994917
2 0 1
2 0 2
2 2 3
1 0 3 431379272
1 2 3 355798438
2 0 1
1 1 3 75463823
2 2 3
0 1 448 670871354 84725985
3 1 3
2 2 3
1 0 1 777971286
1 1 2 911856908
0 0 807 445180369 996055683
1 1 3 98514731
1 2 3 610877186
2 1 3
0 0 383 168894198 823658306
1 1 2 741171061
2 1 2
2 0 3
0 2 155 587433319 295946763
3 1 2
1 1 3 878781563
0 1 319 414329380 587866215
2 2 3
1 1 3 244436387
3 0 2
2 0 1
2 1 3
3 1 3
3 0 1
1 0 2 792514910
3 0 1
1 0 3 665857714
1 1 2 828310435
3 0 2
2 0 2
2 0 1
3 0 3
3 0 1
2 0 2
1 0 2 89197042
2 1 2
0 0 418 804507629 730619192
2 2 3
2 2 3
0 0 924 417455775 722280312
2 0 2
0 0 752 5237109 617383927
3 1 3
3 0 1
0 0 871 455343423 325390579
3 1 3
1 1 3 753795393
0 2 333 826977362 499334509
2 0 2
3 2 3
2 0 1
0 1 861 450562461 499151279
1 0 2 159330082
1 1 3 71594040
0 2 229 863504327 67417239
1 2 3 943266108
1 1 3 141445926
1 2 3 97324624
3 2 3
3 1 3
3 0 3
2 0 3
0 1 353 848518965 587438594
3 0 3
0 0 537 903338138 368476425
2 0 3
2 0 1
1 2 3 791747203
2 2 3
0 1 883 849058380 30177186
0 1 880 136238464 845651041
2 2 3
1 2 3 371256390
2 1 2
1 2 3 284461031
3 0 2
3 0 2
0 2 397 179606337 575416302
0 0 242 217934058 379001279
1 0 3 796690799
0 0 513 404647732 526998282
1 1 3 949067528
0 1 33 92651288 906755740
2 2 3
2 1 2
2 0 3
2 0 2
1 0 3 562414935
3 0 1
2 1 3
1 0 2 256706350
2 1 3
0 2 234 430735079 624702916
2 0 3
2 0 1
2 0 3
0 2 182 739005547 604047079
0 1 757 699183369 614200317
1 0 3 486928377
2 1 3
0 1 320 812816489 353212144
2 0 2
1 0 2 854757017
2 0 3
3 0 3
1 0 2 242710059
2 1 2
1 2 3 18839166
1 1 3 283039629
1 0 3 673440170
0 0 723 933216031 280851990
3 0 3
0 0 288 728476312 61753793
0 1 897 473685050 423922557
2 0 3
3 0 3
0 2 93 15041447 390063879
1 2 3 881426419
2 1 3
0 2 219 478871196 100714119
0 0 355 721525537 601119347
3 1 2
2 0 2
2 0 2
2 1 2
2 0 3
2 0 1
0 2 404 632947993 926660958
2 0 1
2 0 3
2 0 1
1 0 1 358891323
3 0 3
1 0 3 342476755
3 1 2
0 1 562 499070455 991353509
1 0 1 234120509
1 0 1 522235524
1 0 2 404718320
1 1 2 563226135
2 1 3
3 0 2
2 1 3
3 0 3
2 0 2
2 1 2
2 0 1
0 1 256 475267139 674939716
2 0 2
2 1 3
3 0 3
1 0 1 510076172
3 0 1
3 0 3
0 1 989 699576751 421661755
1 0 1 608577996
2 0 2
3 1 2
1 1 3 713218081
3 0 2
0 1 614 319106948 719663959
2 0 1
2 0 2
1 1 3 62788522
1 2 3 797450588
0 2 473 376213752 430726192
3 2 3
2 1 3
0 2 73 447844042 917210197
1 2 3 115172778
0 1 788 904441129 369288852
3 0 3
3 2 3
1 1 3 947169422
1 0 1 53357817
1 2 3 332775359
3 0 2
3 2 3
0 0 464 390528059 181935029
2 0 2
2 1 3
0 2 488 403972589 729663587
3 0 3
3 0 1
1 1 2 560553000
1 1 2 930724158
2 0 3
1 0 2 385820211
3 1 2
3 0 1
3 0 1
1 0 2 506211341
2 0 1
3 0 2
0 0 889 629460303 14152672
2 2 3
0 1 646 13237016 712205838
1 2 3 991654020
1 1 3 260096397
0 1 995 317778662 236125804
0 1 476 280613021 14239899
3 1 2
2 1 3
2 1 3
3 0 2
3 0 1
2 2 3
0 1 297 979372702 648134544
2 2 3
2 0 3
3 0 2
0 0 734 840413344 210005177
3 0 3
1 1 2 613286605
2 1 3
3 0 2
3 2 3
2 1 3
3 0 1
3 0 1
1 0 3 110566679
3 2 3
1 1 2 314582108
0 1 46 536022321 416137155
2 1 2
1 2 3 693999445
3 0 1
1 0 2 60622009
0 1 731 122585999 537375718
2 1 3
2 0 1
3 1 2
1 2 3 694624560
2 0 2
2 0 1
2 0 1
1 0 1 980845160
3 1 3
1 1 2 24303232
2 2 3
1 0 1 699383944
3 1 3
3 0 3
0 2 326 706256500 975020546
3 0 2
2 0 1
3 1 2
3 0 1
1 1 2 161589268
3 0 1
0 2 908 502623954 355640238
1 1 2 392920855
3 0 2
0 0 857 21221334 804741140
2 0 2
0 1 53 212090135 585225196
3 1 3
3 1 2
1 0 3 398105485
0 0 992 475411889 703089799
1 0 2 148838446
3 2 3
0 0 255 609412931 61119662
1 0 1 787664682
3 0 2
1 1 2 297158377
1 0 1 728175187
2 1 3
2 1 2
0 1 435 990601918 802732155
2 0 3
0 2 84 877497123 963211805
3 2 3
0 1 899 786306392 973922310
2 1 3
0 1 789 153209553 735506900
2 0 1
2 0 1
1 2 3 837847105
0 0 611 298861096 603627631
2 2 3
3 1 2
1 1 2 249297800
2 0 3
1 1 3 226797018
0 1 879 336738074 917028290
1 0 1 18146200
2 2 3
1 0 1 903812174
0 2 958 636741058 833205914
2 1 3
3 1 3
2 2 3
1 0 1 402322067
2 0 1
0 2 19 382226497 395460829
1 1 2 960808074
2 0 1
2 2 3
3 0 1
0 1 742 895040887 992594830
3 1 3
1 0 1 66742836
0 0 837 276696764 340650167
0 1 40 629920473 603056389
3 0 2
1 1 2 766389849
2 1 2
1 0 3 413736765
3 0 3
3 0 3
2 0 3
1 0 2 216865409
3 1 3
0 1 729 986696502 27763572
0 2 640 824872 5593465
3 0 2
0 0 296 948288206 155456688
0 0 317 895773982 600775810
1 0 2 38233701
1 1 3 279322057
3 1 2
0 1 194 607259792 86310742
1 0 2 311014766
1 2 3 273282905
1 1 2 609614591
3 1 3
2 0 3
2 1 2
3 0 2
2 0 2
0 2 168 100147126 685069316
1 0 2 692926068
2 0 1
2 0 3
0 0 660 287876358 848922917
0 2 677 936366958 454393953
0 1 85 68547216 627451134
1 2 3 403319020
3 0 3
3 2 3
3 0 1
3 0 1
2 0 1
2 0 3
2 2 3
1 2 3 53915518
1 0 2 229401273
2 2 3
1 1 3 797754021
1 1 2 611078100
2 1 3
0 0 30 98968049 460305512
0 1 167 349990512 904066776
0 2 546 517562923 535256740
1 1 2 411847622
3 1 3
1 1 3 849424165
1 0 3 941362046
3 1 3
2 0 2
2 0 3
2 2 3
1 0 3 32461205
2 0 3
3 2 3
3 1 2
3 1 2
2 0 2
1 0 3 294666221
0 2 6 864344938 725351446
3 0 2
3 0 3
3 1 2
3 0 3
1 1 3 891372415
1 1 2 280510873
3 1 3
0 2 424 973285994 763102603
2 1 2
3 0 3
0 0 149 380346535 883977191
3 1 3
0 2 185 961034249 448597641
0 0 653 227286409 4514022
2 0 3
3 2 3
1 2 3 844425773
2 0 2
1 2 3 978781151
2 0 1
3 1 3
3 0 2
0 1 979 843652676 350815923
0 1 385 838926395 404752298
0 0 943 797136191 28930730
1 0 2 233951340
3 1 3
3 2 3
0 0 101 943960034 866448351
1 0 2 603019727
3 1 2
1 2 3 289050374
3 1 2
1 2 3 465579824
1 0 3 148501149
3 0 3
1 2 3 898660482
0 0 784 729690790 17520948
1 0 1 926676343
0 1 563 597446518 410881655
1 0 3 59700780
0 0 884 786807691 561705783
2 0 2
1 1 3 850069823
2 0 1
3 0 2
2 0 2
3 0 2
0 0 59 721589698 658988906
1 0 1 49663199
0 1 486 586688489 729320054
3 1 3
3 0 2
0 2 318 79888200 330905173
2 1 3
0 2 737 252036631 5704316
1 0 2 117267401
2 1 2
1 1 2 437337551
0 0 224 690584795 319015638
2 2 3
3 1 2
1 0 3 692323078
3 0 1
1 0 1 268512928
2 0 3
1 1 2 582150681
2 0 2
0 1 293 798519801 812455044
2 1 3
3 0 2
2 1 2
0 2 662 827481523 623872493
0 0 466 303578829 172191938
2 1 2
0 0 179 599293895 483183643
0 0 120 522370314 281997054
3 1 2
3 0 1
3 0 2
3 1 2
3 0 3
1 1 2 907730698
3 0 1
2 0 1
2 1 2
3 2 3
0 0 780 12360991 545353081
1 1 3 20206225
0 2 673 962592195 886967536
2 0 2
3 2 3
2 0 2
1 1 2 695901016
0 0 379 741508754 583004527
3 1 2
2 0 1
2 0 2
1 1 3 203735275
1 1 3 518299666
1 1 3 288596440
3 0 3
1 0 1 793908724
2 1 2
2 2 3
3 0 3
2 0 2
2 2 3
0 1 41 126140211 894979137
0 0 442 831003081 48931302
1 0 2 885349160
2 0 1
1 0 2 623506933
0 1 538 981465445 10704610
0 2 536 703395539 574380658
2 0 3
2 1 2
2 0 3
0 1 358 286864075 131009961
0 0 323 178560437 61598879
1 0 2 628585880
3 1 2
1 0 2 825663342
0 2 699 3457005 981552633
2 0 1
1 0 2 708957764
2 1 3
0 2 802 852122074 948159447
1 2 3 576734032
0 0 64 232115478 756502644
0 0 169 161274323 662016796
1 0 1 816683726
2 0 2
2 0 3
0 0 974 54037354 275406854
3 1 3
3 0 2
3 0 2
1 0 1 19274453
1 0 1 84310373
3 2 3
3 0 1
2 0 2
1 0 3 635117261
1 0 3 459546389
3 0 1
3 0 3
2 1 2
2 1 3
0 2 694 998121619 860999803
2 1 2
1 0 2 352577889
3 2 3
2 2 3
3 0 1
2 0 1
2 0 2
1 1 2 20171513
0 2 147 477979024 218721426
3 0 3
1 0 3 575039468
3 2 3
2 1 3
0 0 771 82581263 422404802
3 0 2
1 1 2 495705254
1 0 2 185272678
1 0 2 721113647
2 0 3
3 1 3
0 0 863 308072470 243419073
3 1 2
1 0 3 983570452
0 0 264 5240013 869018835
0 2 678 467266553 694882253
3 1 3
2 1 3
2 0 1
0 0 577 832706828 641271203
3 0 1
3 2 3
0 1 95 390180880 736975054
2 0 3
3 1 3
1 2 3 31495864
2 0 3
2 0 2
3 0 2
0 2 172 681948325 787643040
3 2 3
2 1 3
3 0 2
0 1 717 329816245 942797594
1 2 3 796910133
2 2 3
2 0 2
3 1 2
0 0 609 259796752 265269992
1 2 3 820634853
1 1 2 429366176
1 0 2 468933860
2 0 1
0 0 693 937846288 213605028
1 1 2 810249110
1 0 1 696637362
1 0 2 417657219
2 0 1
3 0 3
1 0 1 123576501
2 1 3
1 2 3 517418442
1 1 3 176372599
2 0 3
0 1 246 772439129 511743961
2 1 2
3 0 1
3 1 3
2 1 3
2 0 1
3 0 1
0 2 485 778074914 223859410
0 0 495 55486538 106547319
0 1 595 689017631 429745966
3 2 3
3 0 3
1 0 2 6052274
0 0 844 105814168 537022864
0 1 431 126188739 453148581
1 0 2 637229377
0 1 56 989745259 610678129
2 0 3
2 1 3
1 0 3 599909461
2 0 1
0 2 652 225966419 152734211
2 2 3
0 2 207 667330172 438996742
3 0 3
2 0 1
1 1 3 714995530
1 0 2 396795833
3 1 3
3 1 2
2 1 3
3 1 3
2 2 3
2 1 3
2 0 2
0 0 590 49572086 352073985
2 0 3
2 2 3
1 0 2 551925197
2 1 3
2 1 2
3 1 2
0 0 711 934757283 643325357
0 1 238 499848277 583563302
2 0 3
0 0 455 389369206 652027633
3 0 2
2 0 1
3 1 2
0 1 938 780153054 728622980
3 0 2
1 1 2 684096517
1 0 2 282778167
0 0 367 445722790 508182595
3 1 2
3 1 3
0 2 209 209088517 509459105
3 1 2
3 1 3
2 1 3
0 2 416 526577681 100675095
1 1 2 106471325
3 2 3
0 0 8 542055873 725722051
2 0 2
3 0 1
1 1 3 19655032
3 0 1
2 0 2
3 0 1
1 0 1 32281811
1 0 2 933427480
1 2 3 608464899
3 1 2
3 2 3
0 1 643 594367079 244649846
2 1 2
2 1 2
0 1 220 611894824 647298906
3 0 1
0 1 873 877385827 302957393
3 0 2
0 1 439 622012339 325061630
2 0 1
0 0 18 369397164 723420524
2 1 3
1 1 2 870840738
0 2 515 417646264 295110384
2 0 1
1 0 2 586042510
3 2 3
3 2 3
3 0 3
1 1 3 194427262
0 1 131 959928701 832422961
3 1 2
1 0 3 862853428
1 0 2 222914324
0 0 292 750011162 830651553
3 2 3
2 2 3
1 2 3 191620761
3 1 2
3 1 2
1 1 3 398447240
0 2 583 24515643 377077911
3 0 3
2 0 3
0 0 805 913091311 914790347
0 0 386 130978278 855931243
3 0 3
1 0 1 692077077
3 2 3
1 1 2 466804866
2 1 2
1 0 2 775144451
3 1 2
2 1 3
1 1 3 857782414
2 0 1
3 1 2
3 1 2
1 2 3 320225453
3 2 3
1 0 2 800392218
2 1 2
2 0 1
1 0 1 5321087
1 2 3 258210244
1 1 3 385774436
3 2 3
1 0 3 465205917
0 0 910 117725677 291980035
3 1 2
0 1 727 450371811 280564646
0 0 239 93051237 451166102
3 0 1
0 2 970 389705627 943571961
2 0 3
3 0 1
1 0 1 322968105
1 1 3 554252077
2 0 3
0 0 508 979864605 896319218
0 1 701 904396057 463690719
1 0 1 119201880
1 1 2 305744077
2 0 1
3 2 3
0 1 286 705527413 842907522
0 2 761 538071601 412948337
2 0 1
2 1 2
0 0 705 434474082 929376547
1 2 3 460395750
1 0 1 67196160
1 1 3 472211239
1 1 2 885411924
3 0 3
1 2 3 447429846
2 1 2
0 1 180 335548705 818311938
3 0 1
3 0 3
3 0 3
2 0 3
