357369205
627900021
225768014
532157098
446039194
541348291
61027326
838268431
57717321
424266006
149854241
732777247
116913326
78478149
382800102
646421987
661415248
10063815
918884906
436347182
181357626
723665005
421938932
617555596
22502219
380997849
82690077
415406117
423937850
615828090
504629638
217870898
564394730
838601955
599861931
525862815
475140062
829962185
998061082
291307368
40077494
174458653
581638306
141698004
843162378
122719524
89188024
469965372
603410857
880879734
113241877
872027322
707297060
545399203
875560
332764933
529931808
425978277
875660510
203080026
653728372
747696642
650264497
998074963
925292697
784313466
626488460
968026609
767294360
635016962
573176175
529897915
651313971
491415873
724531185
392387546
828656913
62273641
673915504
880282165
762934536
340250004
467544648
906406352
725773869
852596840
359326590
335548334
284480393
677910749
269266764
830518921
112857020
358399176
746100254
564054887
842456843
815608273
833905897
901225452
66701151
403878958
576305418
800425283
234809342
578571591
220172238
541755038
159691162
676835078
471180308
842949361
199043247
442510325
146725320
880270008
774033096
554390982
583755921
107814021
929888885
337533921
166358530
623333199
951308931
561040929
766035713
378133426
781744788
894503667
964461070
596414799
915126833
748410983
318894303
871151787
543296081
321980575
277454050
880456518
611941255
80052749
578087419
244847050
99156725
544450268
439751639
870310283
992985582
962746560
947488903
321763260
852704070
598201322
417567882
561100610
312852915
527679245
732905128
974772224
514054181
930048650
705679540
709296569
554242985
241476368
27006888
471327134
146232232
497664041
301332594
25822490
221183120
423344222
397779441
29332045
60046301
478328991
508193579
792266555
246097623
277754808
647085055
749457337
829391720
508245900
383047430
56908857
822494633
778659548
511243460
181730779
540587556
89968890
936753173
757635238
668412304
237145011
928168100
676682420
135639198
434192408
812847295
718094310
170461679
175060653
341287089
7171702
31607689
882807043
88534090
828589559
718834975
97980345
903453123
787955478
955811585
269173741
235807477
286448341
143797450
135600958
17438870
624671975
866308365
969522760
334480001
874333860
689519354
754383407
480005782
131691392
655925935
672536165
268561933
194574753
512319730
651359079
824026959
169272787
463888752
810884701
103116706
225760257
618734779
452369143
